_ga=GA1.2.711368436.1601406774
 _gid=GA1.2.233997969.1617813129
 Hm_lvt_cdb524f42f0ce19b169a8071123a4797=1617813129,1617814734,1617912439
 channel_from_id=1001007078
 liveCheck=1
 watched=542279271
 gtoken=VCtGPQHpaxVd
 gid=c65fb88c-73fd-48f3-9bfb-4e40dcd56e10
 logintype=1
 userid=546800740
 pic3=
 username=18850564354
 uname3=18850564354
 Hm_lpvt_cdb524f42f0ce19b169a8071123a4797=1618040895
 kw_token=TE1209FF5BE
 sid=226052715_0
 websid=226052715
